[gd_scene load_steps=3 format=2]

[ext_resource path="res://RoadBase.tscn" type="PackedScene" id=1]
[ext_resource path="res://Spatial.tscn" type="PackedScene" id=2]

[node name="road 1" instance=ExtResource( 1 )]

[node name="Spatial" type="Spatial" parent="Grass" index="1"]
transform = Transform( 0.149308, 0.00951701, -0.0108019, -0.0084229, 0.149023, 0.0148724, 0.0116751, -0.0141972, 0.148869, 0, 0.891235, 0 )

[node name="Spatial" parent="Grass/Spatial" index="0" instance=ExtResource( 2 )]
transform = Transform( 0.99869, -0.0505719, -0.00775445, 0.0497057, 0.994952, -0.0871731, 0.0121238, 0.0866735, 0.996162, 0, 0.999996, -13 )

[node name="Spatial2" parent="Grass/Spatial" index="1" instance=ExtResource( 2 )]
transform = Transform( 0.99869, -0.0505719, -0.00775442, 0.0497057, 0.994952, -0.0871731, 0.0121238, 0.0866735, 0.996162, 17.4427, 2.11255, -14.2694 )

[node name="Spatial3" parent="Grass/Spatial" index="2" instance=ExtResource( 2 )]
transform = Transform( 0.99869, -0.0505721, -0.00775437, 0.0497056, 0.994952, -0.0871732, 0.0121237, 0.0866738, 0.996162, 14.1418, -3.9853, 65.5029 )

[node name="Spatial4" parent="Grass/Spatial" index="3" instance=ExtResource( 2 )]
transform = Transform( 0.998691, -0.0505722, -0.00775437, 0.0497056, 0.994953, -0.0871732, 0.0121236, 0.086674, 0.996162, -10.4082, 11.3548, -92.5952 )
